symbol,_J,_U
02328,0.0,16.437785016287
02628,-inf,-0.848222681963
02318,-0.566674891268,52.436320438389
02601,0.0,-12.745045883761
01299,-0.6602223335,0.541129562962
01336,1.453982970672,-7.160788836351
06060,-16.071462450593,5.992637931203
00966,0.0,20.730980392157
00522,6.264912504659,10.991201619799
01347,5.368150063052,13.518535853535
00981,-0.827669724771,0.900542922339
00941,-3.269970871014,84.354539235805
00788,-1.429743589744,25.873170731709
00762,-1.89111975789,-344.410176125232
00728,-3.410220632081,95.893928128874
01995,9.022724923495,14.027368749761
06098,3.429665948276,7.320729612365
01109,-1.241207452899,22.104541248017
00960,-1.517079373744,9.957572725842
02007,0.652971246006,-20.21528525296
00813,0.549403838301,inf
06878,0.0,13.013698630137
00016,0.0,-41.428373366301
01113,-0.480880889734,-52.704637681158
03319,4.000224459482,8.664463880791
00688,2.788185548617,-278.848195329079
01997,3.382193290986,-6.831176332315
01918,2.486054796709,97.120459826345
06666,8.462412060302,319.653543307089
02202,2.523479992675,53.092383704671
01516,-0.641578947368,2.304347826087
01209,2.282356756757,-5.608600857078
02020,9.154126560078,31.692600661664
02313,-2.647699923839,8.919610878581
02331,14.822070480549,44.71798223563
01888,0.0,5.794127078657
00968,5.229733333333,14.991614164453
00868,0.0,42.52726948775
06865,5.321987252819,13.743337066069
03800,0.729217638691,-9.195113438045
03898,6.958336366805,17.25413132889
02382,6.896364226562,30.903824833703
02338,-0.986817391304,26.258503401361
01766,0.0,-51.052631578947
02018,1.654209302326,24.987164527423
02208,2.042026845638,3.433442178951
02357,7.422224824356,49.809905984865
00038,-2.188434048083,13.715575833118
01919,0.439921081317,-60.90521029504
01308,0.287708185542,20.268527472528
02688,6.056903537409,15.096652352337
00002,-3.702320643756,-25.151044516368
00003,-1.449101462217,-34.345134934389
00916,5.268060975025,17.451687113834
01799,4.151698580034,64.476848752403
02899,3.758457711443,-9.31871957145
06969,5.113353753736,38.629652637046
01999,7.356712854987,14.191969066032
06690,8.000089635854,44.709904033118
00669,2.022642504119,-6.415087463557
06993,2.186357142857,9.988585922638
09992,4.786363636364,-3.195703817196
01313,5.3605,-19.319231016524
00914,0.556909015372,401.643192488198
01183,4.161582733813,-37.352246543779
03323,5.330841706359,-41.375848499754
00520,-3.259286347518,10.519846531991
09922,-3.913739130435,14.734904270987
00027,0.849695857301,-44.151318403794
01128,0.355852949577,-297.104600141561
01928,0.849348753483,-72.955339000622
06862,6.285547445255,30.943217407659
00880,2.138649102415,-60.052728041731
00753,0.555461012312,-106.519254658385
00780,6.375305087928,-21.838653537898
01088,-2.216042780749,-40.88168168168
01171,0.0,17.659433319603
02013,5.973302680216,5.758951714925
00772,7.665794258716,15.158690006787
00288,-1.253131951762,75.103766763849
01610,9.953536439665,-27.685260785787
01585,10.329838509317,84.273555224375
02333,18.779852017248,28.486873932861
02238,-1.80439083684,22.695832929025
01211,7.662609137056,34.032188525139
00175,7.727713380587,23.875945309761
03606,10.888893752052,-479.427500000016
06178,0.160730110775,-22.564906388009
06030,8.532762971985,21.652747252747
06837,-2.167741935484,27.999999999999
06881,0.401589473684,-23.339399454049
03908,9.793905010543,24.165643486996
00388,8.017680363115,9.283655599194
00354,10.39801221374,25.092591712096
00268,9.483688483844,19.429132617692
03888,8.248622354521,22.186080630311
09999,8.901254807862,19.261101825865
09988,6.603045974712,21.776745427847
03690,7.526746323529,27.240356083086
08083,6.509905871806,7.952617789014
00700,7.107162754906,-37.458960451166
02400,-3.10183312263,22.896580168414
00136,1.023619233268,-0.0
09618,-1.0278660731,3.198605949585
00909,5.304452963208,12.981116899509
01024,,
09923,-1.869106496432,31.800532715808
09911,-4.568881424253,12.187737458413
03738,5.308359411673,52.283970887174
09698,3.23364885831,16.374497830628
00799,-0.824468085106,70.564516129034
00857,0.0,-2035.494880547198
00386,0.919347291107,-28.545376712329
00883,1.011816716555,-10.343186073484
00568,1.918777222777,89.866762953602
00291,8.296998579353,38.016780630961
02319,8.611060412107,16.585298115426
06186,8.020750853242,22.166383701188
01579,7.893056438007,25.833042962524
09633,5.698674040725,14.025919665137
01458,5.779040392199,15.398312420296
01044,21.045593220338,8.557675582613
00769,-0.299636363636,10.781308411215
01772,7.485356501797,17.86017168884
00358,4.156126829955,-17.195175791739
01208,2.872127346939,-13.812997688158
02600,2.747163321082,1787.710893854548
03993,25.334228769498,-6.839745107672
01378,0.0,36.827188634417
00189,-2.146975100506,11.322361910064
06185,1.416068376068,-22.311926605505
01951,3.538142223241,5.841759372512
02269,6.933667588933,25.352575336746
09926,6.708454350788,50.908445482937
01801,6.207800528196,43.028814648979
02359,7.069566459302,40.764658048882
03759,8.167836201379,230.865186104216
01093,0.0,4.836212030971
01177,4.184225860155,32.438983406847
03692,5.261790843373,12.890976818131
00460,4.04,-4.252631578947
06618,5.17134375,7.77037120089
00241,0.220100921457,-1.15959781916
01066,11.598830482115,62.780785479581
00853,7.773854966842,26.019370990455
06078,5.884038224496,6.041164074643
01833,0.176725235549,-0.448938957296
02158,,
00708,-1.093714285715,0.20775996978
01288,-0.911950113379,8.727149129019
01398,-1.224500124193,37.619249962942
01658,0.241488372093,105.708333333328
00939,0.243481646274,-0.0
03988,0.519547790339,87.119718309861
00011,-0.315702479339,-27.010101010101
00005,0.437299972621,-36.0949626416
02388,-0.679449474166,6.761628434128
03968,21.325695266272,5.754271765663
03836,82.381764705882,-13.385133385134
00881,-0.812789968652,14.552752504209
00493,4.95891789871,-185.464696223319
00992,0.0,24.186353659699
00285,9.911494764686,-3881.847109039541
01810,7.551118872238,14.394798384982
00001,-1.88492043074,-115.732911392405
