symbol,_J,_U
02318,0.233884993095,-0.355540078189
01336,0.529248671516,0.672075784297
02628,0.007485605765,-0.923800980626
02328,0.26240170156,0.382702116945
01299,-0.158336165747,0.591940453504
02601,1.984366383287,0.267152794927
00966,0.424544503016,0.63363524339
01347,0.114487403504,1.141171856401
00981,1.486374574576,5.912453232228
00788,-0.065184816883,-0.10746067096
00941,-0.045912697159,0.03010461459
00762,0.123767674912,-0.65975986378
00728,0.381925470744,0.578946776296
06098,0.417862522548,0.195701651471
03333,-0.335902715835,0.934085135132
01113,-0.20499302194,0.660727984368
02007,0.035066715999,1.049831686521
00016,0.033420040746,1.16142941727
00017,-0.217061697552,0.098076859722
00813,-0.496618575351,0.174659649203
02202,0.209426187167,0.941066284294
01918,-0.18757600891,1.01395945172
00688,0.023794049312,0.757688666038
01109,-0.238206174048,0.058714392805
02331,0.625869381278,1.159282356422
02020,0.545274503364,0.940101386853
02313,0.024260529055,-1.339413690711
03998,1.6779802345,1.075004668196
00968,0.542412814552,1.895664531825
06865,0.879729724059,3.303751834913
00868,0.772804566715,-0.0
02382,0.765151456287,1.488972488718
02018,-0.020022218039,0.097584880573
01766,-0.07061956056,-0.09896822276
00489,3.389625922262,1.288954108047
00003,0.013424072874,0.660863834904
00384,0.570853876275,0.881763902117
02688,0.486017475885,2.718770347132
00002,-0.069655211339,0.055767277506
00270,-0.101818778663,0.705074982221
02899,1.642126781667,1.379682905949
06969,1.258526649239,2.454049492804
00669,0.777530686057,-0.327890376484
01169,0.400912114658,1.829531873593
00914,-0.203063780201,0.105908558544
03323,-0.143053534573,0.55566384498
01186,-0.11770008097,0.941703224167
00027,0.029752766831,0.948612021784
00066,-0.009364377193,0.716403449654
01928,-0.215084720557,0.819030462542
00880,-0.828734974626,0.715204766861
01088,0.029183457967,0.190210840208
02013,0.304802569781,0.139879258451
00772,0.569688485287,1.409968352515
00288,-0.407103650924,0.060963890221
01211,3.061237930189,6.156629996594
03606,1.43307760118,2.103437805323
02333,1.510975173308,-0.762253267696
00175,0.957567522297,2.559891770866
02238,1.644346400389,2.162897762277
00388,0.193938283067,3.814234241655
03908,0.227760482728,0.24987544891
06030,0.118540397614,-0.31444924788
09618,0.652040370204,4.91445504969
03690,0.54701108833,90.524016485975
00909,,
00268,0.147812289073,0.403357678445
03888,0.447726156278,2.764000529343
00700,0.609912234881,-4.731262983631
08083,1.14361959251,3.166315907707
09988,1.216877427352,1.302164982096
09999,0.037694668213,0.33764600262
00354,-0.075147420147,0.788048646165
09698,,
00883,-0.292024978376,0.636606081148
00386,0.110616839397,1.097285570493
00857,0.026213858382,0.897636654446
01579,1.7688297635,2.073358292593
06186,0.508266232796,2.200894036809
01717,3.633911240611,-662.790859753513
02319,0.272231921381,0.371725991906
01876,-0.188314614756,-0.884941391073
00291,-0.098035698642,0.638134988154
01044,-0.261530761946,-0.046461388396
01772,1.710622873172,1.202998993306
09688,,
01801,1.093128192732,3.031473726946
02269,1.301117195178,1.534655553885
02359,0.565682184235,2.83784211619
00241,0.610042106219,1.253275673738
01093,1.160596125388,-17.657167567017
01177,0.193174708049,-0.067501151894
02196,0.307961711622,0.004112310802
01951,-0.669589042194,0.549845701843
01099,0.616910923028,1.115535203035
01833,0.254635385991,-0.570786653658
00853,0.737795863483,-2.134385853543
01658,1.590153163162,0.8945194506
02388,0.258380172355,1.363633990392
01288,1.401053322184,0.544673142042
00939,1.172970118677,0.422665040068
03988,0.619816488905,0.473849825229
01988,1.176537345648,0.249834257222
00005,0.312006959681,1.307692285746
03968,1.787208785436,0.752026502117
00011,0.392180700158,1.342865818782
01398,1.119423138426,0.414947864164
01773,18.661526925845,-2.877265125053
01765,11.670201484624,-1.253908378056
06169,6.41483735149,-1.41501933334
01797,2.34537441475,-3.213907254414
00881,0.890003926356,2.513534471048
01337,2.004085375461,0.315949809739
01810,0.351139151679,1.443287006547
00285,1.05019228743,-3.283631817784
00763,0.042881221174,0.398351558278
00656,0.826417031518,1.393657608486
00019,-0.024219547354,0.813921533145
00001,0.061318083608,1.859703638851
